PRE_IMAGE BitSize: 8
 197
 779
 151
 63
 366
 187
 21
 250
 3
 254
 69
 169
 378
 71
 164
 59
 93
 169
 118
 555
 242
 258
 844
 658
 211
 422
 225
 160
 72
 428
 225
 209
 117
 532
 120
 238
 69
 106
 310
 56
 41
 323
 235
 496
 27
 134
 22
 955
 260
 240
PRE_IMAGE BitSize: 12
 2422
 11
 3331
 4475
 5058
 1869
 880
 2075
 436
 345
 1385
 4374
 571
 3528
 2355
 254
 8365
 5539
 1917
 469
 3600
 755
 2798
 659
 8169
 4929
 3279
 10324
 3666
 655
 175
 2852
 2107
 12204
 5671
 2882
 1136
 3279
 8322
 7799
 772
 5053
 214
 223
 1211
 1110
 253
 93
 14771
 349
PRE_IMAGE BitSize: 16
 109385
 89008
 67863
 69686
 17410
 28566
 67852
 43021
 8888
 160024
 24569
 38899
 603
 44861
 15517
 78765
 111010
 5951
 77092
 64215
 23988
 79466
 61403
 94165
 27496
 3495
 30685
 94860
 8593
 179013
 13719
 50987
 72018
 1043
 4968
 36250
 36443
 33475
 48636
 113083
 29679
 34419
 85724
 34155
 691
 377785
 44314
 6874
 32212
 19544
PRE_IMAGE BitSize: 20
 1597554
 433668
 1044967
 514051
 497921
 342490
 758616
 269251
 227714
 29754
 2504824
 1951145
 436937
 33117
 6404897
 218142
 6453
 344437
 79511
 377646
 1344447
 1021029
 1122905
 238744
 1362501
 477982
 203505
 686917
 2740999
 1686373
 1302316
 1297911
 502594
 2181050
 83640
 23448
 4131293
 1097364
 1128501
 517555
 2157628
 1921780
 57846
 1234446
 2432582
 228051
 21497
 628042
 584415
 1875527

COLLISION BitSize: 8
 26
 21
 14
 26
 5
 20
 10
 29
 8
 23
 21
 18
 16
 15
 23
 17
 21
 5
 5
 7
 17
 15
 12
 29
 12
 9
 30
 19
 3
 17
 15
 10
 11
 44
 13
 12
 12
 26
 31
 16
 15
 24
 38
 6
 5
 8
 10
 23
 14
 26
COLLISION BitSize: 12
 68
 80
 148
 31
 113
 14
 74
 34
 14
 33
 43
 53
 64
 140
 88
 73
 57
 55
 32
 116
 77
 60
 46
 117
 59
 92
 67
 130
 87
 91
 54
 82
 92
 45
 53
 86
 138
 136
 87
 43
 103
 36
 35
 84
 72
 50
 124
 89
 114
 95
COLLISION BitSize: 16
 514
 316
 45
 335
 343
 308
 198
 675
 382
 285
 166
 410
 144
 471
 219
 37
 35
 311
 172
 371
 123
 56
 511
 378
 220
 324
 222
 285
 330
 96
 166
 155
 190
 151
 545
 484
 112
 519
 332
 251
 169
 424
 429
 264
 348
 139
 250
 243
 470
 85
COLLISION BitSize: 20
 1380
 795
 590
 1300
 755
 1474
 1357
 1224
 450
 2398
 466
 1102
 1822
 146
 919
 742
 1584
 2085
 856
 1180
 330
 1688
 1720
 677
 1071
 1762
 884
 2577
 872
 229
 1510
 1891
 601
 809
 1587
 806
 830
 1121
 1455
 315
 1053
 2282
 899
 556
 1715
 799
 993
 1233
 954
 883

